m00: 0.0400743
m01: 0.0241666
m02: 0.0156865
m03: 0.0107489
m10: -0.0133764
m11: -0.00802137
m12: -0.00518948
m20: 0.00448557
m21: 0.00267517
m30: -0.00151082
mu02: 0.00111291
mu03: -5.30505e-05
mu11: 4.52255e-05
mu12: -8.01644e-06
mu20: 2.06407e-05
mu21: 3.56541e-07
mu30: 2.01745e-07
nu02: 0.692991
nu03: -0.165016
nu11: 0.0281613
nu12: -0.0249355
nu20: 0.0128527
nu21: 0.00110904
nu30: 0.000627537
